EndDescription
3.000000e-01	1.948000e-15
3.990000e-01	3.132000e-15
4.980000e-01	4.610000e-15
5.970000e-01	6.347000e-15
6.960000e-01	8.324000e-15
7.946667e-01	1.052000e-14
8.940000e-01	1.292000e-14
9.926667e-01	1.550000e-14
1.092000e+00	1.826000e-14
1.190667e+00	2.116000e-14
1.290000e+00	2.420000e-14
1.388667e+00	2.737000e-14
1.488000e+00	3.064000e-14
1.586667e+00	3.403000e-14
1.686000e+00	3.752000e-14
1.784667e+00	4.110000e-14
1.884000e+00	4.477000e-14
1.982667e+00	4.854000e-14
2.082000e+00	5.238000e-14
2.180667e+00	5.631000e-14
2.280000e+00	6.033000e-14
2.378667e+00	6.444000e-14
2.478000e+00	6.863000e-14
2.576667e+00	7.291000e-14
2.676000e+00	7.726000e-14
2.774667e+00	8.169000e-14
2.874000e+00	8.620000e-14
2.972667e+00	9.078000e-14
3.072000e+00	9.543000e-14
3.170667e+00	1.002000e-13
3.270000e+00	1.050000e-13
3.368667e+00	1.099000e-13
3.468000e+00	1.150000e-13
3.566667e+00	1.200000e-13
3.666000e+00	1.247000e-13
3.764667e+00	1.291000e-13
3.864000e+00	1.334000e-13
3.962667e+00	1.376000e-13
4.062000e+00	1.416000e-13
4.160667e+00	1.455000e-13
4.260000e+00	1.492000e-13
4.358667e+00	1.528000e-13
4.458000e+00	1.562000e-13
4.556667e+00	1.595000e-13
4.656000e+00	1.626000e-13
4.754667e+00	1.656000e-13
4.854000e+00	1.683000e-13
4.952667e+00	1.710000e-13
5.052000e+00	1.734000e-13
5.150667e+00	1.758000e-13
5.250000e+00	1.780000e-13
5.348667e+00	1.800000e-13
5.448000e+00	1.819000e-13
5.546667e+00	1.838000e-13
5.646000e+00	1.855000e-13
5.744667e+00	1.871000e-13
5.844000e+00	1.886000e-13
5.942667e+00	1.900000e-13
6.042000e+00	1.913000e-13
6.140667e+00	1.926000e-13
6.240000e+00	1.938000e-13
6.338667e+00	1.949000e-13
6.438000e+00	1.959000e-13
6.536667e+00	1.969000e-13
6.636000e+00	1.979000e-13
6.733333e+00	1.988000e-13
6.833333e+00	1.996000e-13
6.933333e+00	2.004000e-13
7.033333e+00	2.011000e-13
7.133333e+00	2.018000e-13
7.226667e+00	2.024000e-13
7.326667e+00	2.030000e-13
7.426667e+00	2.036000e-13
7.526667e+00	2.041000e-13
7.626667e+00	2.046000e-13
7.726667e+00	2.051000e-13
7.826667e+00	2.056000e-13
7.920000e+00	2.060000e-13
8.020000e+00	2.064000e-13
8.120000e+00	2.067000e-13
8.220000e+00	2.071000e-13
8.320000e+00	2.074000e-13
8.420000e+00	2.077000e-13
8.513333e+00	2.079000e-13
8.613333e+00	2.082000e-13
8.713333e+00	2.084000e-13
8.813333e+00	2.087000e-13
8.913333e+00	2.088000e-13
9.013333e+00	2.090000e-13
9.113333e+00	2.092000e-13
9.206667e+00	2.093000e-13
9.306667e+00	2.095000e-13
9.406667e+00	2.096000e-13
9.506667e+00	2.097000e-13
9.606667e+00	2.098000e-13
9.706667e+00	2.098000e-13
9.806667e+00	2.099000e-13
9.900000e+00	2.100000e-13
1.000000e+01	2.100000e-13
1.010000e+01	2.101000e-13
1.020000e+01	2.101000e-13
1.030000e+01	2.101000e-13
1.040000e+01	2.101000e-13
1.049333e+01	2.101000e-13
1.059333e+01	2.101000e-13
1.069333e+01	2.101000e-13
1.079333e+01	2.101000e-13
1.089333e+01	2.101000e-13
1.099333e+01	2.100000e-13
1.109333e+01	2.100000e-13
1.118667e+01	2.099000e-13
1.128667e+01	2.099000e-13
1.138667e+01	2.098000e-13
1.148667e+01	2.097000e-13
1.158667e+01	2.097000e-13
1.168667e+01	2.096000e-13
1.178667e+01	2.095000e-13
1.188000e+01	2.094000e-13
1.198000e+01	2.093000e-13
1.208000e+01	2.092000e-13
1.218000e+01	2.091000e-13
1.228000e+01	2.090000e-13
1.238000e+01	2.089000e-13
1.247333e+01	2.088000e-13
1.257333e+01	2.087000e-13
1.267333e+01	2.086000e-13
1.277333e+01	2.085000e-13
1.287333e+01	2.083000e-13
1.297333e+01	2.082000e-13
1.307333e+01	2.081000e-13
1.316667e+01	2.079000e-13
1.326667e+01	2.078000e-13
1.336667e+01	2.077000e-13
1.346667e+01	2.075000e-13
1.356667e+01	2.074000e-13
1.366667e+01	2.072000e-13
1.376000e+01	2.071000e-13
1.386000e+01	2.069000e-13
1.396000e+01	2.068000e-13
1.406000e+01	2.066000e-13
1.416000e+01	2.065000e-13
1.426000e+01	2.063000e-13
1.436000e+01	2.061000e-13
1.445333e+01	2.060000e-13
1.455333e+01	2.058000e-13
1.465333e+01	2.057000e-13
1.475333e+01	2.055000e-13
1.485333e+01	2.053000e-13
1.495333e+01	2.052000e-13
1.505333e+01	2.050000e-13
1.514667e+01	2.048000e-13
1.524667e+01	2.047000e-13
1.534667e+01	2.045000e-13
1.544667e+01	2.043000e-13
1.554667e+01	2.041000e-13
1.564667e+01	2.039000e-13
1.574000e+01	2.038000e-13
1.584000e+01	2.036000e-13
1.594000e+01	2.034000e-13
1.604000e+01	2.032000e-13
1.614000e+01	2.030000e-13
1.624000e+01	2.029000e-13
1.634000e+01	2.027000e-13
1.643333e+01	2.025000e-13
1.653333e+01	2.023000e-13
1.663333e+01	2.021000e-13
1.673333e+01	2.019000e-13
1.683333e+01	2.018000e-13
1.693333e+01	2.016000e-13
1.703333e+01	2.014000e-13
1.712667e+01	2.012000e-13
1.722667e+01	2.010000e-13
1.732667e+01	2.008000e-13
1.742667e+01	2.006000e-13
1.752667e+01	2.004000e-13
1.762667e+01	2.002000e-13
1.772000e+01	2.000000e-13
1.782000e+01	1.998000e-13
1.792000e+01	1.997000e-13
1.802000e+01	1.995000e-13
1.812000e+01	1.993000e-13
1.822000e+01	1.991000e-13
1.832000e+01	1.989000e-13
1.841333e+01	1.987000e-13
1.851333e+01	1.985000e-13
1.861333e+01	1.983000e-13
1.871333e+01	1.981000e-13
1.881333e+01	1.979000e-13
1.891333e+01	1.977000e-13
1.900667e+01	1.975000e-13
1.910667e+01	1.973000e-13
1.920667e+01	1.971000e-13
1.930667e+01	1.969000e-13
1.940667e+01	1.967000e-13
1.950667e+01	1.966000e-13
1.960667e+01	1.964000e-13
1.970000e+01	1.962000e-13
1.980000e+01	1.960000e-13
1.990000e+01	1.958000e-13
2.000000e+01	1.956000e-13
2.000000e+01	1.956000e-13
