EndDescription
3.000000e-01	3.036000e-15
3.990000e-01	3.627000e-15
4.980000e-01	4.196000e-15
5.970000e-01	4.750000e-15
6.960000e-01	5.297000e-15
7.946667e-01	5.840000e-15
8.940000e-01	6.383000e-15
9.926667e-01	6.928000e-15
1.092000e+00	7.476000e-15
1.190667e+00	8.029000e-15
1.290000e+00	8.588000e-15
1.388667e+00	9.153000e-15
1.488000e+00	9.724000e-15
1.586667e+00	1.030000e-14
1.686000e+00	1.089000e-14
1.784667e+00	1.148000e-14
1.884000e+00	1.209000e-14
1.982667e+00	1.269000e-14
2.082000e+00	1.331000e-14
2.180667e+00	1.393000e-14
2.280000e+00	1.456000e-14
2.378667e+00	1.519000e-14
2.478000e+00	1.583000e-14
2.576667e+00	1.648000e-14
2.676000e+00	1.713000e-14
2.774667e+00	1.778000e-14
2.874000e+00	1.844000e-14
2.972667e+00	1.909000e-14
3.072000e+00	1.976000e-14
3.170667e+00	2.042000e-14
3.270000e+00	2.109000e-14
3.368667e+00	2.176000e-14
3.468000e+00	2.243000e-14
3.566667e+00	2.310000e-14
3.666000e+00	2.374000e-14
3.764667e+00	2.438000e-14
3.864000e+00	2.500000e-14
3.962667e+00	2.562000e-14
4.062000e+00	2.623000e-14
4.160667e+00	2.683000e-14
4.260000e+00	2.742000e-14
4.358667e+00	2.800000e-14
4.458000e+00	2.857000e-14
4.556667e+00	2.912000e-14
4.656000e+00	2.966000e-14
4.754667e+00	3.019000e-14
4.854000e+00	3.071000e-14
4.952667e+00	3.121000e-14
5.052000e+00	3.170000e-14
5.150667e+00	3.217000e-14
5.250000e+00	3.263000e-14
5.348667e+00	3.308000e-14
5.448000e+00	3.351000e-14
5.546667e+00	3.393000e-14
5.646000e+00	3.434000e-14
5.744667e+00	3.473000e-14
5.844000e+00	3.511000e-14
5.942667e+00	3.548000e-14
6.042000e+00	3.584000e-14
6.140667e+00	3.619000e-14
6.240000e+00	3.653000e-14
6.338667e+00	3.686000e-14
6.438000e+00	3.717000e-14
6.536667e+00	3.748000e-14
6.636000e+00	3.778000e-14
6.733333e+00	3.807000e-14
6.833333e+00	3.835000e-14
6.933333e+00	3.863000e-14
7.033333e+00	3.889000e-14
7.133333e+00	3.915000e-14
7.226667e+00	3.940000e-14
7.326667e+00	3.964000e-14
7.426667e+00	3.989000e-14
7.526667e+00	4.011000e-14
7.626667e+00	4.033000e-14
7.726667e+00	4.055000e-14
7.826667e+00	4.076000e-14
7.920000e+00	4.097000e-14
8.020000e+00	4.117000e-14
8.120000e+00	4.136000e-14
8.220000e+00	4.155000e-14
8.320000e+00	4.174000e-14
8.420000e+00	4.192000e-14
8.513333e+00	4.209000e-14
8.613333e+00	4.226000e-14
8.713333e+00	4.243000e-14
8.813333e+00	4.260000e-14
8.913333e+00	4.276000e-14
9.013333e+00	4.291000e-14
9.113333e+00	4.306000e-14
9.206667e+00	4.321000e-14
9.306667e+00	4.335000e-14
9.406667e+00	4.349000e-14
9.506667e+00	4.362000e-14
9.606667e+00	4.376000e-14
9.706667e+00	4.389000e-14
9.806667e+00	4.402000e-14
9.900000e+00	4.414000e-14
1.000000e+01	4.426000e-14
1.010000e+01	4.438000e-14
1.020000e+01	4.450000e-14
1.030000e+01	4.461000e-14
1.040000e+01	4.472000e-14
1.049333e+01	4.483000e-14
1.059333e+01	4.494000e-14
1.069333e+01	4.504000e-14
1.079333e+01	4.514000e-14
1.089333e+01	4.524000e-14
1.099333e+01	4.533000e-14
1.109333e+01	4.543000e-14
1.118667e+01	4.552000e-14
1.128667e+01	4.561000e-14
1.138667e+01	4.570000e-14
1.148667e+01	4.579000e-14
1.158667e+01	4.588000e-14
1.168667e+01	4.596000e-14
1.178667e+01	4.604000e-14
1.188000e+01	4.612000e-14
1.198000e+01	4.620000e-14
1.208000e+01	4.627000e-14
1.218000e+01	4.635000e-14
1.228000e+01	4.642000e-14
1.238000e+01	4.650000e-14
1.247333e+01	4.657000e-14
1.257333e+01	4.664000e-14
1.267333e+01	4.670000e-14
1.277333e+01	4.677000e-14
1.287333e+01	4.683000e-14
1.297333e+01	4.690000e-14
1.307333e+01	4.696000e-14
1.316667e+01	4.702000e-14
1.326667e+01	4.708000e-14
1.336667e+01	4.714000e-14
1.346667e+01	4.720000e-14
1.356667e+01	4.726000e-14
1.366667e+01	4.731000e-14
1.376000e+01	4.736000e-14
1.386000e+01	4.742000e-14
1.396000e+01	4.747000e-14
1.406000e+01	4.752000e-14
1.416000e+01	4.757000e-14
1.426000e+01	4.762000e-14
1.436000e+01	4.767000e-14
1.445333e+01	4.772000e-14
1.455333e+01	4.777000e-14
1.465333e+01	4.781000e-14
1.475333e+01	4.786000e-14
1.485333e+01	4.790000e-14
1.495333e+01	4.795000e-14
1.505333e+01	4.799000e-14
1.514667e+01	4.803000e-14
1.524667e+01	4.807000e-14
1.534667e+01	4.811000e-14
1.544667e+01	4.815000e-14
1.554667e+01	4.819000e-14
1.564667e+01	4.823000e-14
1.574000e+01	4.826000e-14
1.584000e+01	4.830000e-14
1.594000e+01	4.833000e-14
1.604000e+01	4.837000e-14
1.614000e+01	4.840000e-14
1.624000e+01	4.844000e-14
1.634000e+01	4.847000e-14
1.643333e+01	4.850000e-14
1.653333e+01	4.853000e-14
1.663333e+01	4.856000e-14
1.673333e+01	4.860000e-14
1.683333e+01	4.862000e-14
1.693333e+01	4.865000e-14
1.703333e+01	4.868000e-14
1.712667e+01	4.871000e-14
1.722667e+01	4.874000e-14
1.732667e+01	4.876000e-14
1.742667e+01	4.879000e-14
1.752667e+01	4.882000e-14
1.762667e+01	4.884000e-14
1.772000e+01	4.887000e-14
1.782000e+01	4.889000e-14
1.792000e+01	4.892000e-14
1.802000e+01	4.894000e-14
1.812000e+01	4.896000e-14
1.822000e+01	4.899000e-14
1.832000e+01	4.901000e-14
1.841333e+01	4.903000e-14
1.851333e+01	4.905000e-14
1.861333e+01	4.907000e-14
1.871333e+01	4.910000e-14
1.881333e+01	4.912000e-14
1.891333e+01	4.913000e-14
1.900667e+01	4.916000e-14
1.910667e+01	4.917000e-14
1.920667e+01	4.919000e-14
1.930667e+01	4.921000e-14
1.940667e+01	4.923000e-14
1.950667e+01	4.925000e-14
1.960667e+01	4.926000e-14
1.970000e+01	4.928000e-14
1.980000e+01	4.930000e-14
1.990000e+01	4.931000e-14
2.000000e+01	4.933000e-14
2.000000e+01	4.933000e-14
